
 9

(((((((Oam: 0.011394, She: 0.008666): 0.009344, Goa: 0.019193): 0.026741, Cow: 0.034050): 0.121415, Pig: 0.140449): 0.049100, Hor: 0.121743): 0.005964, Dog: 0.168804): 0.027288, Hom: 0.148390, Opo: 0.906969);

  0.027288  0.005964  0.049100  0.121415  0.026741  0.009344  0.011394  0.008666  0.019193  0.034050  0.140449  0.121743  0.168804  0.148390  0.906969

  0.072527 -0.178217 -0.088773 -0.029067 -0.167807 -0.618210 -0.628467 -0.849455  0.057112 -0.121588 -0.079621 -0.022832  0.009960  0.050686 -0.061047


Hessian

 -3.618e+06  -1.35e+06 -5.531e+04  1.072e+05  1.842e+05  1.995e+05  3.286e+05  2.403e+05  1.714e+05  1.745e+05   1.15e+05 -1.317e+04  6.142e+04 -2.195e+06 -2.092e+04
  -1.35e+06 -1.641e+07 -1.139e+06       8403  1.847e+05  1.555e+05  3.364e+05  2.014e+05  1.044e+05  1.668e+05  1.978e+04 -7.707e+05 -1.155e+06  -1.03e+06  5.238e+04
 -5.531e+04 -1.139e+06 -6.406e+06 -4.959e+05  6.268e+04    1.7e+04  2.984e+05  1.689e+05  3.553e+04  8.494e+04 -4.363e+05 -2.858e+05 -6.262e+04 -3.965e+04  6.197e+04
  1.072e+05       8403 -4.959e+05  -3.49e+06 -6.342e+04 -1.161e+05  2.156e+05  8.364e+04 -9.686e+04      -8923 -6.001e+04  6.087e+04  7.835e+04  9.318e+04  6.212e+04
  1.842e+05  1.847e+05  6.268e+04 -6.342e+04 -1.798e+07 -6.069e+05 -2.893e+05  -3.87e+05 -1.195e+05 -4.587e+06  1.127e+05  1.576e+05  1.504e+05  1.644e+05  8.297e+04
  1.995e+05  1.555e+05    1.7e+04 -1.161e+05 -6.069e+05 -6.403e+07 -1.832e+05 -7.024e+05  -4.97e+06   -5.5e+05  1.443e+05  1.623e+05  1.463e+05   1.65e+05  8.205e+04
  3.286e+05  3.364e+05  2.984e+05  2.156e+05 -2.893e+05 -1.832e+05  -6.17e+07 -3.291e+06 -5.463e+05   7.15e+04  2.994e+05  3.017e+05  3.226e+05  2.981e+05   1.06e+05
  2.403e+05  2.014e+05  1.689e+05  8.364e+04  -3.87e+05 -7.024e+05 -3.291e+06 -8.001e+07 -1.411e+06 -1.618e+05  2.526e+05  2.385e+05  2.066e+05   2.26e+05  8.605e+04
  1.714e+05  1.044e+05  3.553e+04 -9.686e+04 -1.195e+05  -4.97e+06 -5.463e+05 -1.411e+06   -3.4e+07 -2.508e+04  1.689e+05  1.702e+05  1.895e+05  1.496e+05   8.22e+04
  1.745e+05  1.668e+05  8.494e+04      -8923 -4.587e+06   -5.5e+05   7.15e+04 -1.618e+05 -2.508e+04 -1.525e+07    1.2e+05  1.679e+05  1.495e+05   1.54e+05  8.163e+04
   1.15e+05  1.978e+04 -4.363e+05 -6.001e+04  1.127e+05  1.443e+05  2.994e+05  2.526e+05  1.689e+05    1.2e+05 -3.113e+06   6.53e+04  7.989e+04  9.931e+04   6.64e+04
 -1.317e+04 -7.707e+05 -2.858e+05  6.087e+04  1.576e+05  1.623e+05  3.017e+05  2.385e+05  1.702e+05  1.679e+05   6.53e+04 -3.735e+06 -2.111e+04 -1.122e+04  6.412e+04
  6.142e+04 -1.155e+06 -6.262e+04  7.835e+04  1.504e+05  1.463e+05  3.226e+05  2.066e+05  1.895e+05  1.495e+05  7.989e+04 -2.111e+04 -2.586e+06  5.893e+04  5.473e+04
 -2.195e+06  -1.03e+06 -3.965e+04  9.318e+04  1.644e+05   1.65e+05  2.981e+05   2.26e+05  1.496e+05   1.54e+05  9.931e+04 -1.122e+04  5.893e+04 -2.533e+06  6.105e+04
 -2.092e+04  5.238e+04  6.197e+04  6.212e+04  8.297e+04  8.205e+04   1.06e+05  8.605e+04   8.22e+04  8.163e+04   6.64e+04  6.412e+04  5.473e+04  6.105e+04 -1.692e+05
