state S1 S2 S3
1 3 0.0366155679444192 0.287714657368024 0.675669774687556
2 3 0.00171229987085001 0.0655402391191828 0.932747461009967
3 2 0.00498559702785589 0.488761083813577 0.506253319158567
4 2 0.0129194267356643 0.541310744157508 0.445769829106828
5 2 0.0053527985030401 0.24489187354468 0.74975532795228
6 2 0.00917166924120439 0.361315684889674 0.629512645869121
7 2 0.21334065369334 0.786204622345734 0.000454723960926317
8 2 0.409298386555287 0.590689679912967 1.19335317455353e-05
9 2 0.0712350850792971 0.687358513654172 0.241406401266531
10 2 0.0101250961230451 0.471955780665728 0.517919123211227
11 2 0.0140814209984448 0.571048763734846 0.414869815266709
12 2 0.0144920911003896 0.612589643235615 0.372918265663995
13 2 0.0243078607216679 0.828138232639214 0.147553906639118
14 2 0.0308103165916692 0.938085586381219 0.0311040970271122
15 2 0.0204629901926946 0.875827047932085 0.103709961875221
16 2 0.0151566945589203 0.708610530066522 0.276232775374558
17 2 0.0249982201445986 0.867779094013089 0.107222685842313
18 2 0.0504879220852566 0.945275219227117 0.00423685868762628
19 2 0.0174923687567823 0.807094496836333 0.175413134406884
20 2 0.0129163639603033 0.384644914150167 0.60243872188953
21 1 0.844092840043295 0.155907109992009 4.99646956111678e-08
22 2 0.38534303852166 0.607453696163817 0.00720326531452315
23 2 0.0950421510493397 0.841861045345308 0.0630968036053529
24 3 0.014109881455278 0.5690768721461 0.416813246398621
25 3 0.0087106015240435 0.406517038109453 0.584772360366503
26 3 0.0042154794569413 0.197601604346838 0.798182916196221
27 3 0.00101970600695572 0.0374483769577205 0.961531917035324
28 3 0.000326183528473955 0.0287307951276392 0.970943021343887
29 3 0.000472325087170688 0.0860831645422014 0.913444510370628
30 3 0.000526383858526104 0.0552319865447969 0.944241629596677
31 3 0.000519215948356309 0.0898452287104991 0.909635555341145
32 3 0.000786757328404186 0.0807849269242579 0.918428315747338
33 3 0.000366108319509265 0.0344286771073619 0.965205214573129
34 3 0.000248767270288309 0.0292147740901942 0.970536458639517
35 2 0.00928335824384929 0.785664629700484 0.205052012055667
36 2 0.0291384200022037 0.91948716770504 0.0513744122927568
37 2 0.0243746603258051 0.920039442590023 0.0555858970841722
38 2 0.0199741966749112 0.867275685490597 0.112750117834491
39 2 0.132890034363023 0.866934816270793 0.000175149366184035
40 2 0.0279865126362072 0.928508941087697 0.0435045462760961
41 2 0.0651298586367718 0.933055917861818 0.00181422350141
42 2 0.0370428239022868 0.950651311191903 0.0123058649058103
43 2 0.0382953726297946 0.950754893823825 0.0109497335463802
44 2 0.10256982372569 0.897019229007979 0.000410947266330697
45 2 0.0404550631577992 0.950502500537272 0.00904243630492855
46 2 0.0207030135848658 0.499332665286997 0.479964321128137
47 2 0.0638069240336105 0.922638483460272 0.0135545925061174
48 2 0.0142221253193048 0.558386623823694 0.427391250857002
49 2 0.00650408591870569 0.304179714253678 0.689316199827616
50 2 0.133204438862569 0.863822623123175 0.00297293801425615
51 2 0.112996186728467 0.886629866077911 0.000373947193622874
52 3 0.0144947007819446 0.663281479946618 0.322223819271437
53 3 0.0078549826906708 0.361001707056652 0.631143310252678
54 3 0.00245386340562796 0.105593610493136 0.891952526101236
55 3 0.00104958605708751 0.0897399856996858 0.909210428243227
56 3 0.000408967473359558 0.0324439196388493 0.967147112887791
57 3 0.000409883283530946 0.0747094989938925 0.924880617722577
58 3 0.000361698345663828 0.0408899318672055 0.958748369787131
59 3 0.0019330190454776 0.290946078689915 0.707120902264607
60 3 0.00169795283598003 0.0562654083684082 0.942036638795612
61 2 0.0104350950131278 0.799479193898379 0.190085711088493
62 2 0.0208198945732711 0.845293852596295 0.133886252830434
63 2 0.0138710748379016 0.477719886192913 0.508409038969186
64 2 0.0340672506021605 0.874022727395126 0.0919100220027131
65 2 0.0270371275660139 0.93483918705822 0.0381236853757664
66 2 0.0157665543119169 0.740588192970299 0.243645252717784
67 2 0.118090013326935 0.8812602899419 0.000649696731165593
68 2 0.0407408988424851 0.950435072877999 0.00882402827951565
69 2 0.131253824959788 0.868563661022452 0.000182514017759891
70 2 0.0717015432119568 0.926720871901725 0.00157758488631867
71 2 0.0254879965559633 0.9272526824266 0.047259321017437
72 2 0.0142546309626026 0.556059045819318 0.429686323218079
73 2 0.00956346432234785 0.440263814187767 0.550172721489885
74 2 0.015893644486948 0.608473959796554 0.375632395716498
75 2 0.0217928579072302 0.790561794905425 0.187645347187344
76 2 0.0109263571948529 0.483107288958058 0.50596635384709
77 2 0.0058415732920219 0.274393745164953 0.719764681543025
78 2 0.0163568095578788 0.556966469118154 0.426676721323967
79 2 0.0115492902983351 0.514833379081942 0.473617330619723
80 2 0.00421837562603062 0.180496921625063 0.815284702748907
81 2 0.019698598212423 0.573623564831984 0.406677836955593
82 2 0.0357588268575045 0.904101148475225 0.0601400246672702
83 2 0.135115392992383 0.864718879423499 0.000165727584117519
84 2 0.152384477538685 0.847473123373636 0.000142399087679176
85 2 0.0255280039672198 0.868992549184309 0.105479446848471
86 1 0.363992888738447 0.636003083183145 4.02807840809319e-06
87 1 0.601275127444571 0.398717445801452 7.42675397603225e-06
88 1 0.945815790456475 0.0541841846193336 2.49241916528519e-08
89 1 0.786996357080069 0.212998738642026 4.90427790518555e-06
90 1 0.93303135261746 0.0669684763974223 1.70985117931075e-07
91 2 0.487065715362784 0.512313262054169 0.00062102258304692
92 2 0.120207599090272 0.780080697310075 0.0997117035996526
93 2 0.0166919682250101 0.72388924761799 0.259418784157
94 2 0.404286247445401 0.595707030293179 6.72226142021378e-06
95 2 0.579937767176373 0.420046883907986 1.53489156410498e-05
96 2 0.283440692705525 0.709041707565173 0.00751759972930218
97 2 0.0701844071477508 0.888962595799721 0.0408529970525278
98 3 0.0164461781345684 0.770144932370906 0.213408889494526
99 3 0.0124767255079484 0.586067781534856 0.401455492957196
100 3 0.00544768966626886 0.23715173469614 0.757400575637591
101 3 0.00128363587613446 0.0451804273550282 0.953535936768837
102 3 0.000234131485601336 0.0359111232341075 0.963854745280291
103 3 0.000238781604679872 0.0377397439182844 0.962021474477036
104 1 0.966435519160563 0.0335644808086662 3.07709310693191e-11
105 1 0.997233920411314 0.00276607958781568 8.70366498678166e-13
106 1 0.999999875855037 1.24144962504946e-07 1.27759943220267e-26
107 1 0.999955444387344 4.4555612656256e-05 1.36141218679226e-18
108 1 0.999876456439817 0.000123543560183279 3.54959227774016e-17
109 2 0.471735832980945 0.527481700623882 0.000782466395173308
110 2 0.0935825899408917 0.699438881730667 0.206978528328442
111 2 0.0218279886610112 0.846444323446957 0.131727687892032
112 2 0.0151248649284713 0.710460476755995 0.274414658315533
113 2 0.0743862656683444 0.92218546170398 0.0034282726276761
114 2 0.0382799640060839 0.950754856629217 0.0109651793646992
115 2 0.0249201284019717 0.923785452285677 0.0512944193123517
116 2 0.0141066367307764 0.620373778625233 0.365519584643991
117 2 0.034482312351545 0.907621025676564 0.0578966619718906
118 2 0.0216261774172539 0.892954158924513 0.0854196636582331
119 3 0.0157499546983801 0.739796208254221 0.244453837047399
120 3 0.00873229219294857 0.317691376446745 0.673576331360306
121 3 0.00790524027063652 0.338655288933623 0.65343947079574
122 3 0.00278085006733949 0.128189228547965 0.869029921384696
123 2 0.162857879794133 0.836013880701205 0.00112823950466209
124 2 0.0218696471561841 0.509431808434724 0.468698544409092
125 2 0.0135038056471371 0.566922491416562 0.419573702936301
126 2 0.0104156093046961 0.475004621458813 0.514579769236491
127 2 0.0852625069616937 0.90866016219944 0.00607733083886674
128 2 0.47518649884968 0.524812448465669 1.05268465109394e-06
129 2 0.298271796995625 0.700186987104773 0.00154121589960285
130 3 0.0479212002819922 0.492378425942687 0.45970037377532
131 3 0.00390659060306961 0.148527788323848 0.847565621073082
132 2 0.0112010129700951 0.454365236685092 0.534433750344813
133 2 0.0194463252716053 0.692383317505581 0.288170357222814
134 2 0.0876526865397293 0.910178292902818 0.00216902055745275
135 1 0.440745996185539 0.559252418965537 1.58484892411497e-06
136 1 0.460683235475697 0.539210035607703 0.000106728916599843
137 1 0.999967132173918 3.28678260820826e-05 1.94690179854105e-19
138 2 0.648198735974717 0.351744896113372 5.63679119109167e-05
139 2 0.415263453024765 0.582376628596191 0.00235991837904395
140 2 0.0734327359999587 0.688780208114564 0.237787055885478
141 2 0.0609991815564471 0.933150901030982 0.00584991741257097
142 2 0.0153245837705633 0.71807317560459 0.266602240624847
143 2 0.00849764920486243 0.375650277015156 0.615852073779982
144 2 0.0110081400417437 0.453374969664088 0.535616890294168
145 2 0.325015689795394 0.674924462408627 5.98477959793068e-05
146 2 0.0605946279438847 0.805039674951846 0.134365697104269
147 1 0.981642375023908 0.0183576249728995 3.19240357768451e-12
148 2 0.327383811000017 0.662888965706665 0.00972722329331756
149 2 0.661492108677197 0.338505663091229 2.22823157384965e-06
150 2 0.16608688208058 0.546857015845618 0.287056102073802
151 2 0.276019889821358 0.723595945364549 0.000384164814093553
152 2 0.110705445624515 0.883202232499299 0.0060923218761866
153 2 0.196015507578152 0.803938139767477 4.63526543710287e-05
154 3 0.0246587937727799 0.661464719988465 0.313876486238755
155 3 0.0079757297858627 0.366598130128119 0.625426140086018
156 3 0.00398202644584817 0.187037323611552 0.8089806499426
157 3 0.00340964106237562 0.153107699063643 0.843482659873982
158 3 0.000969106843599839 0.0523167374049306 0.94671415575147
159 3 0.000237456123330218 0.0301806940713401 0.96958184980533
160 3 0.00134391955604258 0.217681128600887 0.780974951843071
161 3 0.00132279479796963 0.0366513759374132 0.962025829264617
162 3 0.000336107260019566 0.0604719938614095 0.939191898878571
163 3 0.000310993796757379 0.0459090430739441 0.953779963129298
164 2 0.00666711689682664 0.672244332998822 0.321088550104351
165 2 0.0265851311365462 0.870284677440185 0.103130191423268
166 2 0.0141261247608011 0.623589769980388 0.362284105258811
167 2 0.0136491097725576 0.601483749146087 0.384867141081356
168 2 0.0238026594493952 0.817638812463242 0.158558528087363
169 1 0.792922096749484 0.207077884604095 1.86464217548949e-08
170 2 0.66033862742033 0.3395060822739 0.000155290305770317
171 2 0.199885522570239 0.669113126548249 0.131001350881513
172 2 0.02435447633415 0.450789134232757 0.524856389433093
173 2 0.00977370089651325 0.43132147871809 0.558904820385397
174 2 0.485843939394706 0.514146875766841 9.18483845326109e-06
175 2 0.0953320772928496 0.674880808689028 0.229787114018122
176 2 0.0693606407879039 0.926839919535415 0.00379943967668078
177 2 0.0604335360410568 0.937243297020498 0.00232316693844557
178 2 0.0335465867801606 0.948965102544875 0.0174883106749643
179 2 0.0482333321476531 0.946821741205464 0.00494492664688256
180 2 0.0754559451012088 0.923424725370996 0.00111932952779545
181 2 0.307887440373191 0.692104233679684 8.32594712551486e-06
182 2 0.0511735841942036 0.762538782930728 0.186287632875068
183 2 0.0376189692749086 0.94155457900893 0.0208264517161617
184 3 0.0154158729215555 0.722987506505079 0.261596620573365
185 3 0.00924473350080144 0.423116655116274 0.567638611382924
186 3 0.0036557315115948 0.167431786925953 0.828912481562452
187 3 0.000838023444163865 0.0319917971366881 0.967170179419148
188 3 0.000230870428747211 0.0319763718788981 0.967792757692355
189 3 0.000231251725938293 0.0342753183891557 0.965493429884906
190 2 0.00551158569430477 0.603995048167505 0.390493366138191
191 2 0.0329513967872545 0.89637191384409 0.070676689368655
192 2 0.044104466056821 0.949184943975455 0.00671058996772389
193 1 0.975843142902539 0.0241568570912406 6.22080907456498e-12
194 1 0.768607369130596 0.231385520048153 7.11082125087412e-06
195 2 0.232902697117132 0.563481029588773 0.203616273294095
196 2 0.179538228755087 0.817032349995111 0.00342942124980241
197 2 0.0475870480583869 0.930552781643233 0.0218601702983798
198 2 0.0811579541327111 0.917959770727333 0.000882275139955616
199 2 0.0867229991682841 0.912566375350281 0.000710625481435046
200 2 0.0174017826752081 0.804230500206195 0.178367717118597
201 2 0.124093272133886 0.875534455948006 0.000372271918107552
202 2 0.0277186574966235 0.937459887618608 0.0348214548847683
203 2 0.021885239957779 0.896228829471987 0.0818859305702337
204 2 0.0229860982572883 0.908308398471515 0.0687055032711966
205 2 0.0695366225544102 0.929000567147132 0.00146281029845784
206 2 0.0261950073495162 0.931025767251649 0.0427792253988347
207 2 0.0349458078074214 0.949933461184638 0.0151207310079405
208 2 0.0240282413730219 0.917426382032731 0.0585453765942466
209 2 0.0150165628510153 0.70023018983418 0.284753247314805
210 2 0.0952468108946488 0.903134315992284 0.00161887311306702
211 2 0.0183503498839957 0.831589473677018 0.150060176438986
212 1 0.192320522686892 0.807611116449998 6.83608631095158e-05
213 1 0.705887751993118 0.294112058419457 1.89587425459695e-07
214 1 0.760721700686335 0.239250896713181 2.74026004840915e-05
215 2 0.29702984678377 0.646865090554882 0.056105062661348
216 2 0.0781826761734699 0.878047548313996 0.043769775512534
217 2 0.0221311710729109 0.89917603081295 0.0786927981141392
218 2 0.021000030509303 0.884258487588786 0.0947414819019105
219 3 0.0156118215641616 0.733054327252523 0.251333851183316
220 3 0.00862872054178858 0.368886881509984 0.622484397948227
221 3 0.00356465248203105 0.166744800002008 0.829690547515961
222 2 0.0101870596322672 0.385669967490576 0.604142972877156
223 2 0.0885865924434458 0.903712838773102 0.00770056878345209
224 2 0.0306071463870485 0.945084683061964 0.0243081705509873
225 1 0.412370925419561 0.587626848191868 2.22638857127204e-06
226 1 0.994482884220115 0.00551711577810581 1.77912318209537e-12
227 1 0.823261824959122 0.17673598667966 2.18836121802917e-06
228 1 0.574832473169551 0.424702341815216 0.000465185015233257
229 1 0.904504609188803 0.0954952399057317 1.50905465366479e-07
230 1 0.928672575554409 0.0713273402464799 8.41991109177791e-08
231 1 0.881532552423313 0.118467016894696 4.3068199127735e-07
232 1 0.916188922001774 0.0838108822974084 1.9570081763151e-07
233 1 0.948276885303704 0.051723092170341 2.25259548729623e-08
234 1 0.85484230607051 0.145156724984105 9.68945385414588e-07
235 1 0.932160815641527 0.0678390718499076 1.12508565839533e-07
236 2 0.377761252522923 0.618630904478004 0.00360784299907334
237 2 0.0959314062320834 0.850862631014877 0.0532059627530394
238 2 0.14664156759675 0.853232434830068 0.000125997573181019
239 2 0.0914282459903494 0.907539944325678 0.00103180968397259
240 1 0.25537643949104 0.74460603564576 1.75248631992104e-05
241 1 0.99999993207765 6.79223496200965e-08 1.2075251189247e-28
242 1 0.999999960340975 3.96590244744045e-08 3.71563165816704e-28
243 1 0.99945764187114 0.000542358128856101 4.19846481379113e-15
244 2 0.33866247845194 0.653696271398322 0.0076412501497376
245 2 0.269464118979803 0.730065693113138 0.000470187907059211
246 2 0.0484838700440417 0.828236232050015 0.123279897905944
247 2 0.0512779835324216 0.944159724140177 0.00456229232740129
248 2 0.0293621766469977 0.942389472294158 0.0282483510588446
249 2 0.0243104476623302 0.919569398187581 0.0561201541500884
250 2 0.021233532438199 0.887636446117605 0.0911300214441959
251 2 0.0414837534487403 0.95022796498695 0.00828828156430957
252 2 0.0396746666785651 0.950648797211995 0.00967653610943983
253 2 0.0257651575291693 0.928799518467443 0.0454353240033878
254 2 0.0253165627925044 0.926249476413372 0.0484339607941233
255 2 0.0264355110505117 0.932185510595415 0.041378978354073
256 2 0.587203946376269 0.412795781445319 2.7217841188704e-07
257 2 0.464575566526862 0.534885130496814 0.00053930297632413
258 2 0.56353161331746 0.436431740754577 3.66459279629414e-05
259 2 0.152380097047191 0.740837074873511 0.106782828079298
260 2 0.0630908146426808 0.929932364424464 0.00697682093285468
261 2 0.0140401640477597 0.581731301084787 0.404228534867454
262 2 0.00798159572536468 0.37481463211187 0.617203772162765
263 2 0.105980700728784 0.889455914285809 0.00456338498540705
264 1 0.579856077834622 0.420143623888952 2.98276425898624e-07
265 1 0.977493352229766 0.0225066468291121 9.41121609948485e-10
266 1 0.831571518785856 0.168426693813594 1.78740054985148e-06
267 1 0.820379518898284 0.179614419826618 6.06127509845249e-06
268 2 0.245523840216336 0.590112955740193 0.164363204043471
269 2 0.0383123251200188 0.613318474799848 0.348369200080133
270 2 0.00826420056758346 0.387670239744584 0.604065559687833
271 2 0.124389780776879 0.873039846584489 0.00257037263863233
272 2 0.123283571228255 0.876491709157332 0.000224719614412643
273 2 0.0358229946563395 0.950327874135621 0.01384913120804
274 2 0.346979396682147 0.653015610485844 4.99283200958454e-06
275 3 0.0624303115224413 0.771597896716967 0.165971791760592
276 3 0.0111740633421066 0.434330665558504 0.55449527109939
277 3 0.00304915199163762 0.12395102444246 0.872999823565902
278 3 0.026134166578467 0.807139727933624 0.166726105487909
279 3 0.0129325051525246 0.603442301518158 0.383625193329317
280 3 0.00586071794834412 0.257938943739288 0.736200338312367
281 3 0.00146005967761978 0.0589756915948605 0.93956424872752
282 3 0.00666212992750864 0.628253921860071 0.36508394821242
283 3 0.00649461667783008 0.291384354927504 0.702121028394666
284 3 0.00613004149192904 0.270432324597164 0.723437633910907
285 3 0.00186076275148545 0.083761684471588 0.914377552776927
286 2 0.0180508025997812 0.83090149299911 0.151047704401109
287 2 0.3540303563354 0.645963301664168 6.34200043223591e-06
288 2 0.107611709232546 0.869435866470754 0.0229524242966998
289 2 0.015073387026168 0.703686356531649 0.281240256442183
290 2 0.124703953756934 0.874636827232588 0.000659219010477786
291 2 0.0301401297170037 0.944085173559104 0.0257746967238923
292 2 0.0140675944853029 0.612707148968742 0.373225256545955
293 2 0.010196407045967 0.473196691209178 0.516606901744855
294 2 0.0194425596844111 0.698901432501717 0.281656007813872
295 2 0.0507625064589728 0.936886981663684 0.0123505118773429
296 2 0.0470755914235174 0.94755399722979 0.00537041134669262
297 3 0.0172118698954713 0.798035805392703 0.184752324711826
298 3 0.0161622098484742 0.365906731544105 0.617931058607421
299 3 0.00231437079968211 0.0855835875263008 0.912102041674017
300 3 0.000397013707693028 0.0364140003259458 0.963188985966361
301 2 0.00579154766343019 0.621716259063805 0.372492193272764
302 2 0.0381229285262409 0.918295399149782 0.0435816723239775
303 2 0.0230712553606455 0.909130998645728 0.0677977459936262
304 2 0.0177895790277773 0.816100585680472 0.16610983529175
305 2 0.0148891931227859 0.69615009432337 0.288960712553844
306 2 0.0725705409445635 0.92344275395328 0.00398670510215681
307 3 0.0140734491987039 0.614007034667767 0.371919516133529
308 3 0.0261597513378062 0.849948884605994 0.123891364056199
309 3 0.0160858189507012 0.753072249376968 0.230841931672331
310 3 0.0113221122567644 0.304167745468833 0.684510142274403
311 3 0.00231313355508313 0.105687825254509 0.891999041190408
312 3 0.000865652986025784 0.0740293503511191 0.925104996662855
313 3 0.000584589273889401 0.0740208983373809 0.92539451238873
314 3 0.000391509272512604 0.046760989451397 0.952847501276091
315 3 0.000235886007496383 0.0304211450815676 0.969342968910936
316 3 0.000852307331783689 0.148135991891635 0.851011700776581
317 3 0.000915793145086971 0.0513749726161403 0.947709234238773
318 3 0.000241020116823519 0.0297697483935717 0.969989231489605
319 2 0.0245577639373612 0.952832747490856 0.0226094885717828
320 2 0.0186609531821296 0.839399569380489 0.141939477437381
321 2 0.0574408009873922 0.93901812485622 0.00354107415638823
322 2 0.0144829223627891 0.662290363978525 0.323226713658686
323 1 0.176955866064624 0.822796903880272 0.000247230055103962
324 1 0.999997719180326 2.2808196744306e-06 2.40080809113677e-24
325 2 0.346410762550274 0.647065218859304 0.00652401859042179
326 2 0.102946747974524 0.871790623580729 0.025262628444747
327 2 0.0283110536437669 0.939444506616245 0.0322444397399877
328 2 0.0455865504213698 0.948421000168925 0.00599244940970485
329 1 0.225909534931447 0.774062697765585 2.77673029679835e-05
330 1 0.798740172858173 0.201259764512405 6.26294219730704e-08
331 2 0.353081086934845 0.63012855453003 0.0167903585351259
332 3 0.0612228729682897 0.48715917269446 0.45161795433725
333 3 0.00832586996712603 0.38488760067076 0.606786529362114
334 3 0.002764353677 0.120818211047603 0.876417435275397
335 3 0.00905329921907883 0.463206100196039 0.527740600584883
336 3 0.0246694319040295 0.781612461771973 0.193718106323998
337 3 0.0168877850935735 0.353441649462348 0.629670565444078
338 3 0.00410804234463348 0.192876715781483 0.803015241873884
339 3 0.00153207591920737 0.0714254211082628 0.92704250297253
340 3 0.000495976855143506 0.0648019640164118 0.934702059128445
341 3 0.000914010351525266 0.129668220985506 0.869417768662969
342 3 0.00276854753627668 0.174630653952543 0.822600798511181
343 2 0.0328924126353725 0.750817174094379 0.216290413270248
344 2 0.0189973406919175 0.797027172298161 0.183975487009922
345 2 0.0161426124370254 0.735955392741358 0.247901994821617
346 1 0.936565656735348 0.0634343428432158 4.21435871008474e-10
347 2 0.441304079112411 0.557444728147735 0.00125119273985404
348 2 0.185116828563022 0.806378793166886 0.00850437827009189
349 2 0.131450406085546 0.867851822377728 0.000697771536725957
350 2 0.497336182965623 0.502662874908335 9.42126042438784e-07
351 3 0.0980377235423359 0.661957074138679 0.240005202318985
352 3 0.0171370904049146 0.718154549089954 0.264708360505131
353 3 0.00865285390548547 0.386008855553134 0.605338290541381
354 3 0.0118397908496096 0.48138322449834 0.50677698465205
355 3 0.00356097878029996 0.141549593342703 0.854889427876998
356 3 0.000722682496702911 0.0390462198379886 0.960231097665308
357 3 0.000443065783100146 0.0808150845250856 0.918741849691814
358 2 0.0518532584492988 0.938718255313538 0.00942848623716293
359 2 0.0239829361474117 0.917070294791408 0.0589467690611805
360 3 0.0142990340196752 0.645151129734914 0.340549836245411
361 3 0.0115258994578061 0.212169436661758 0.776304663880436
362 3 0.00142335371890954 0.0644372547548103 0.93413939152628
363 3 0.0015904537203674 0.209396606061234 0.789012940218399
364 3 0.00150200868760444 0.0349332387149126 0.963564752597483
365 3 0.00531923453547544 0.591352641044196 0.403328124420328
366 3 0.00520171596650265 0.215918830427242 0.778879453606255
367 3 0.00155443361253294 0.0714439710486573 0.92700159533881
368 3 0.000320558220548018 0.0343009054379521 0.9653785363415
369 3 0.000261702912534339 0.0442348769111966 0.955503420176269
370 3 0.00382348771634465 0.478739597816661 0.517436914466994
371 3 0.00348295997533385 0.138584279050885 0.857932760973781
372 3 0.00545171919755408 0.284084950923584 0.710463329878862
373 3 0.00176099261961567 0.075462271900414 0.92277673547997
374 3 0.000481371741938579 0.0586888942264238 0.940829734031638
375 3 0.000292955141689518 0.044091363405396 0.955615681452915
376 2 0.00791565041303655 0.732744103053673 0.25934024653329
377 2 0.0140068627645521 0.641156956405672 0.344836180829776
378 1 0.273666203734611 0.726278747635565 5.50486298243117e-05
379 1 0.752786426218328 0.247213299910349 2.73871323433371e-07
380 1 0.961841890978542 0.0381580817916414 2.72298164905671e-08
381 2 0.344678128530087 0.648566397480174 0.0067554739897393
382 2 0.0960996555563711 0.871484993758346 0.0324153506852835
383 2 0.0141277562778927 0.566958439752833 0.418913803969274
384 2 0.038007687870248 0.909867468359571 0.0521248437701809
385 2 0.04053312416189 0.950484793193741 0.00898208264436885
386 2 0.0255304775306845 0.927495699188117 0.0469738232811982
387 2 0.0142552085753934 0.640421776944677 0.34532301447993
388 2 0.0196570104957059 0.762976488993303 0.217366500510991
389 2 0.0135460637913282 0.319391285441061 0.667062650767611
390 2 0.00500615130095851 0.230136418162243 0.764857430536799
391 2 0.0193736745048706 0.596220627375245 0.384405698119884
392 2 0.0195544939005606 0.746294124313323 0.234151381786117
393 2 0.0395037644385807 0.377776495250066 0.582719740311353
394 2 0.00590128157807938 0.272955948606151 0.72114276981577
395 2 0.00509914530896107 0.228830835660647 0.766070019030392
396 2 0.0995890971275764 0.889350562505161 0.0110603403672631
397 3 0.0186528204974013 0.839201602137884 0.142145577364715
398 3 0.0172504291234269 0.437468823550951 0.545280747325622
399 3 0.00469399402242827 0.219976670303514 0.775329335674058
400 3 0.00662406252373193 0.274341474264137 0.719034463212131
401 3 0.00200494227935505 0.0914942715550238 0.906500786165621
402 2 0.0200613030687825 0.832139419412078 0.14779927751914
403 1 0.999882455032338 0.000117544967662218 3.09818009688001e-19
404 1 0.99995487437478 4.51256252198723e-05 1.41770358171491e-18
405 1 0.716054079497544 0.283927269098484 1.8651403972099e-05
406 1 0.966478831962649 0.0335211521452425 1.58921079412911e-08
407 1 0.6705278571812 0.329432483725331 3.96590934696472e-05
408 1 0.53815876741274 0.461280857363607 0.000560375223652276
409 1 0.985869308311538 0.0141306915577428 1.30718784249031e-10
410 1 0.888625834793229 0.111373826901084 3.38305686675749e-07
411 2 0.409012445335733 0.587648808586424 0.00333874607784261
412 2 0.187485889131304 0.807223644989441 0.00529046587925575
413 2 0.0944707468947161 0.903254440036366 0.00227481306891801
414 2 0.0140959281138362 0.618466627612696 0.367437444273468
415 2 0.00640201074510851 0.287380003058641 0.706217986196251
416 2 0.00580216660392562 0.257590027160709 0.736607806235365
417 2 0.415305683703773 0.584647368475781 4.69478204455788e-05
418 2 0.112809730044149 0.840147394839652 0.0470428751161999
419 2 0.0616464294006695 0.9361783312006 0.00217523939873079
420 2 0.0200392528686239 0.868465417357823 0.111495329773553
421 2 0.0348121390226849 0.949859973889567 0.0153278870877483
422 2 0.0152801823426785 0.522864646241081 0.46185517141624
423 2 0.0152925283311033 0.620560508123401 0.364146963545496
424 2 0.0673933448250274 0.925507229165935 0.00709942600903717
425 2 0.0199949424490955 0.867656856804413 0.112348200746491
426 2 0.0305506771841993 0.9449785390151 0.0244707838007004
427 2 0.0204475814850813 0.875570736613949 0.10398168190097
428 2 0.0145129948686939 0.664801135964624 0.320685869166682
429 2 0.0308837716334837 0.900575477376356 0.0685407509901599
430 2 0.0253738246004156 0.926588619529486 0.0480375558700986
431 2 0.0393814345398181 0.95068850684653 0.00993005861365251
432 2 0.0143479200779258 0.650074101698993 0.335577978223081
433 1 0.77966923600106 0.220330700288176 6.37107643293615e-08
434 1 0.99998646766727 1.35323327302234e-05 1.11590738825671e-19
435 1 0.999999646027812 3.5397218847842e-07 3.3270658545927e-25
436 1 0.864659284762112 0.135339984764731 7.30473157043099e-07
437 2 0.622059165221607 0.377772781054161 0.000168053724232068
438 2 0.707164433436105 0.29281007170471 2.54948591854549e-05
439 2 0.289302618103079 0.664153001630661 0.0465443802662592
440 2 0.057865250618591 0.828329799582424 0.113804949798985
441 2 0.0681993285565267 0.930164333435219 0.00163633800825414
442 2 0.0327656105433323 0.948209360558397 0.0190250288982703
443 1 0.7489827774842 0.251017194876677 2.76391237443388e-08
444 1 0.964642919212785 0.0353570595709845 2.12162303472251e-08
445 1 0.960849413688628 0.0391505791992338 7.1121386226826e-09
446 2 0.691586558559645 0.308385262741142 2.81786992133146e-05
447 3 0.205205344159277 0.611765615497433 0.18302904034329
448 3 0.0228249980159742 0.434129587539296 0.54304541444473
449 3 0.00328588503432729 0.10019203695591 0.896522078009763
450 3 0.00139579978200359 0.123516727866669 0.875087472351327
451 3 0.0007043752245712 0.048003019441605 0.951292605333824
452 3 0.000231755121202877 0.0346382168864412 0.965130027992356
453 3 0.000231093427390079 0.031823689849142 0.967945216723468
454 3 0.0104748624675247 0.822254231244392 0.167270906288083
455 3 0.0195591744398272 0.399547939078342 0.580892886481831
456 3 0.00609713757844938 0.282279855961085 0.711623006460466
457 3 0.00527087843701581 0.236621967490999 0.758107154071985
458 3 0.0013657555153609 0.0575923674372562 0.941041877047383
459 3 0.00048469670552464 0.0305121902449679 0.969003113049507
460 3 0.000239373665368157 0.0379451164014862 0.961815509933146
461 3 0.00109941173664261 0.184253722397506 0.814646865865851
462 3 0.00127914793402026 0.0587435327145131 0.939977319351467
463 3 0.000288214320815716 0.0428955418009002 0.956816243878284
464 2 0.00156100425710326 0.245764361730211 0.752674634012685
465 2 0.0790011218334688 0.900298142368215 0.0207007357983167
466 1 0.223985478913162 0.775985866735153 2.8654351685468e-05
467 1 0.174164493254804 0.825341940239294 0.000493566505901952
468 1 0.806934807063084 0.19306516863562 2.43012966248124e-08
469 1 0.689054505164439 0.310855793979298 8.97008562627194e-05
470 1 0.266579972374098 0.680540121307405 0.0528799063184971
471 1 0.140279495375071 0.856997154907427 0.0027233497175017
472 1 0.659672264841443 0.340327587042669 1.48115887551074e-07
473 1 0.999787826985903 0.000212173014096545 4.4356569344639e-16
474 1 0.967938831130196 0.0320611653587814 3.51102304494805e-09
475 2 0.637942967906184 0.361990988494813 6.604359900286e-05
476 2 0.15027391932866 0.532713133826653 0.317012946844687
477 2 0.0974282427489816 0.886582837496451 0.0159889197545671
478 2 0.0326180223810053 0.948046785327716 0.0193351922912792
479 2 0.193622781355467 0.806328806033467 4.84126110663048e-05
480 2 0.503149624906333 0.496847591634075 2.78345959171039e-06
481 2 0.313047835940549 0.685236011180538 0.00171615287891318
482 2 0.244501592988202 0.755005061921918 0.000493345089879816
483 2 0.139785851363213 0.858669152201615 0.00154499643517253
484 2 0.0538168965899246 0.940976332411459 0.00520677099861628
485 2 0.0330278405486813 0.948482260886354 0.0184898985649647
486 2 0.191039845448057 0.808909391620449 5.07629314933871e-05
487 2 0.0309388424596627 0.83455135093079 0.134509806609547
488 1 0.858158835101273 0.141841161296959 3.60176852160082e-09
489 1 0.977146553555146 0.0228534441710908 2.27376296326214e-09
490 1 0.949054751980012 0.050945229765225 1.82547632791667e-08
491 1 0.96059401259982 0.0394059801218361 7.27834385426266e-09
492 2 0.278345697864252 0.642149794415705 0.0795045077200429
493 2 0.0415623873156299 0.591635498638741 0.366802114045629
494 2 0.0251912420206386 0.837533673475614 0.137275084503748
495 2 0.151078557344134 0.848778742629932 0.000142700025933139
496 2 0.0394985106353558 0.939636817298156 0.0208646720664879
497 2 0.0285103356540676 0.940056560791233 0.0314331035546995
498 3 0.0142535935437752 0.640240729871792 0.345505676584433
499 3 0.00944670822435406 0.443362233531608 0.547191058244038
500 3 0.0108875450180627 0.466288704257982 0.522823750723956
501 3 0.00363797708851334 0.157400843541907 0.838961179369579
502 3 0.00452574758996097 0.217204819482885 0.778269432927154
503 3 0.00132742899549845 0.0584118785406087 0.940260692463893
504 3 0.00317311446599646 0.38856763492258 0.608259250611423
505 3 0.0337855015878471 0.846068953102618 0.120145545309535
506 3 0.0155099650923262 0.492242028569445 0.492248006338229
507 3 0.00719017978276667 0.335515320932777 0.657294499284456
508 3 0.00235766456124985 0.104561535547805 0.893080799890945
509 2 0.0786068966373918 0.915408038619735 0.00598506474287303
510 2 0.0205297866865463 0.876928556840977 0.102541656472477
511 2 0.0142268775280493 0.637164903175615 0.348608219296335
512 2 0.0376372595387133 0.920336971046269 0.0420257694150182
513 2 0.0353408416936227 0.950129408368897 0.01452974993748
514 2 0.0242760478112754 0.919314953737561 0.0564089984511638
515 2 0.0161866687729537 0.759471291468244 0.224342039758803
516 2 0.0103850969866157 0.47643847981556 0.513176423197825
517 2 0.055278667216451 0.921223068674642 0.0234982641089068
518 2 0.0964712886069498 0.903026671177683 0.000502040215367603
519 2 0.0173016864713438 0.800998209257941 0.181700104270715
520 2 0.177533547877707 0.822352764692001 0.000113687430292372
521 2 0.184964138956117 0.814860388685738 0.000175472358145775
522 2 0.583099515697386 0.41689958103893 9.03263684666615e-07
523 2 0.396557356958651 0.602120765475186 0.00132187756616244
524 3 0.0716703541090839 0.726077098945155 0.202252546945761
525 3 0.00961598871456042 0.39386377380393 0.596520237481509
526 3 0.00256529765961519 0.0916625125130763 0.905772189827308
527 3 0.00666981955057054 0.464695169794026 0.528635010655404
528 3 0.00620835563258248 0.290766376597368 0.70302526777005
529 3 0.00355061782621659 0.16611026538043 0.830339116793353
530 3 0.0041670158170159 0.192384336088596 0.803448648094388
531 3 0.00114037555469189 0.0500307140185891 0.948828910426719
532 3 0.00061070832064624 0.10985926211037 0.889530029568984
533 2 0.0103659606740049 0.544344154207615 0.44528988511838
534 2 0.022687998499388 0.781405333196267 0.195906668304345
535 2 0.0166862059943197 0.74794898250344 0.23536481150224
536 1 0.60597027114049 0.394029212398699 5.16460811405141e-07
537 1 0.845102988857655 0.154895665912043 1.34523030189112e-06
538 1 0.953519190401178 0.0464807788797234 3.07190983674941e-08
539 2 0.36777080408023 0.627901868482528 0.00432732743724187
540 2 0.0562398394804087 0.616417251864238 0.327342908655353
541 2 0.0063804934236905 0.270416147438911 0.723203359137399
542 2 0.028649858739253 0.75362966146433 0.217720479796417
543 2 0.10015161199828 0.898869861442424 0.00097852655929656
544 2 0.0745186509102848 0.92431530404648 0.00116604504323517
545 2 0.0239009028810168 0.916416805706234 0.0596822914127488
546 2 0.202719713908741 0.797239163116456 4.11229748027467e-05
547 2 0.0629376310793242 0.924165503520958 0.0128968653997175
548 2 0.017758540229485 0.815187167771369 0.167054291999146
549 2 0.0158040772426451 0.730415350084633 0.253780572672722
550 2 0.0356252336488503 0.930351188373659 0.0340235779774906
551 2 0.0191980588651541 0.851744495733412 0.129057445401434
552 1 0.848455011004652 0.151544984653673 4.34167481605724e-09
553 2 0.301419963935813 0.66369990339751 0.0348801326666779
554 2 0.539203205803133 0.460787699477043 9.09471982343755e-06
555 2 0.246764274507217 0.744703477075596 0.00853224841718746
556 2 0.0428263186720873 0.823805529604532 0.13336815172338
557 2 0.0131317285520071 0.587630236924735 0.399238034523258
558 2 0.030427118929112 0.878738232610157 0.0908346484607309
559 2 0.0222921371158074 0.901023774034173 0.0766840888500194
560 2 0.0228577139233494 0.907039937606588 0.0701023484700623
561 2 0.0158974552285927 0.746704765785321 0.237397778986087
562 2 0.016460981975251 0.726453335945036 0.257085682079713
563 2 0.0248847076371356 0.872775680314287 0.102339612048577
564 1 0.889968447218637 0.110031551632439 1.14892460379476e-09
565 1 0.486308021411392 0.512703190412769 0.000988788175838907
566 1 0.998738515468562 0.00126148453140955 2.84695633122551e-14
567 2 0.526620381424288 0.473034089955092 0.000345528620620755
568 2 0.146513282206209 0.777344137946679 0.0761425798471121
569 2 0.0221707158080889 0.781146771888256 0.196682512303655
570 2 0.0499775707533993 0.941732237422811 0.00829019182378947
571 2 0.0316528790104508 0.946810549563536 0.0215365714260131
572 2 0.0248959114219254 0.923628136386568 0.0514759521915069
573 1 0.999874324904107 0.00012567509589269 2.81881981894312e-19
574 1 0.999042435301633 0.000957564698340501 2.671401180555e-14
575 1 0.31258047533506 0.673706301021953 0.0137132236429871
576 1 0.534599082879591 0.465390730628809 1.01864916004943e-05
577 1 0.389961781373973 0.609233364562247 0.000804854063779733
578 1 0.618550523675789 0.381441610694122 7.86563008922865e-06
579 1 0.999742350262554 0.000257649737445626 5.5784144509421e-16
580 3 0.385672319740273 0.509539683215011 0.104787997044716
581 3 0.0670264585901282 0.591309679754871 0.341663861655001
582 3 0.00601901114589185 0.199685260982512 0.794295727871596
583 3 0.00163125600921625 0.0338103722912941 0.96455837169949
584 3 0.000344774358629073 0.0622055642435615 0.937449661397809
585 3 0.000277851411918105 0.035271512224318 0.964450636363764
586 2 0.00147983866852278 0.235425370030529 0.763094791300948
587 2 0.674328096529028 0.32566976668561 2.13678536125403e-06
588 2 0.555359689250369 0.444177626994996 0.000462683754634016
589 2 0.208728395488229 0.767715815279009 0.0235557892327625
590 2 0.0493940096045834 0.910575564523854 0.0400304258715623
591 2 0.0145616823211221 0.668736956592023 0.316701361086855
592 2 0.0266977056847909 0.871863351008151 0.101438943307058
593 2 0.0222984560482006 0.901095036120154 0.0766065078316454
594 2 0.016219259024566 0.760850292026236 0.222930448949198
595 2 0.0224215141826022 0.855633086772351 0.121945399045047
596 1 0.284358369168379 0.715629098361823 1.2532469797906e-05
597 1 0.96779558361491 0.03220441621264 1.7244954299634e-10
598 2 0.364308349116549 0.631076519953898 0.0046151309295533
599 2 0.0904465275796814 0.85435649322722 0.0551969791930982
600 2 0.0399166792948255 0.950609582445317 0.00947373825985766
601 2 0.0257987939639506 0.928981138897571 0.0452200671384786
602 2 0.311985831703443 0.688006288026147 7.88027040939709e-06
603 2 0.0885865063578605 0.885737921272067 0.0256755723700722
604 2 0.0300935460705124 0.944065535369336 0.0258409185601516
605 1 0.138579604146464 0.861268093720731 0.000152302132804621
606 1 0.845458169369573 0.154541825248681 5.38174691776195e-09
607 2 0.272770853807965 0.656802717877145 0.0704264283148894
608 2 0.0523833339652088 0.809275471633305 0.138341194401486
609 2 0.0127812333400608 0.56846517074262 0.418753595917319
610 2 0.00985095326559686 0.453271684646843 0.53687736208756
611 2 0.0368493965555016 0.882139089044077 0.0810115144004216
612 2 0.0141308072630947 0.624322003278529 0.361547189458376
613 1 0.966281627881561 0.0337183720344484 8.39901555158948e-11
614 1 0.608810657569144 0.391086613525111 0.000102728905744653
615 1 0.134686067471322 0.509723849388867 0.355590083139811
616 1 0.841439248350164 0.158560648735853 1.0291398324407e-07
617 1 0.99999982503714 1.74962860429036e-07 8.92990261842336e-26
618 1 0.982355198132076 0.0176448014266778 4.41245796372398e-10
619 1 0.940889058178752 0.0591109105155387 3.13057088954286e-08
620 2 0.372135750063459 0.623870186351045 0.0039940635854956
621 2 0.104895943109803 0.860896725670973 0.0342073312192244
622 2 0.12551793797168 0.874270402450227 0.000211659578093299
623 2 0.0226467016376974 0.902886971976979 0.0744663263853237
624 2 0.0278190788232937 0.93781452536118 0.034366395815526
625 2 0.0177911430894853 0.816146450210466 0.166062406700049
626 2 0.0164511351506191 0.752523148421533 0.231025716427848
627 2 0.025873816936327 0.890560483640566 0.0835656994231067
628 2 0.0144289807926909 0.657612574290013 0.327958444917296
629 2 0.0186391137975016 0.74792854758098 0.233432338621519
630 2 0.0680054079704256 0.928275813600097 0.00371877842947776
631 2 0.0149867119919059 0.698380717805386 0.286632570202708
632 2 0.0105670593891194 0.496324757235751 0.493108183375129
633 2 0.0117632401903198 0.507572362301957 0.480664397507723
634 2 0.0150275105394234 0.60810659614198 0.376865893318597
635 1 0.943254432478345 0.0567455669939984 5.27656845785139e-10
636 2 0.274674969789404 0.65835549873214 0.0669695314784562
637 2 0.0517805191459814 0.802067013874159 0.146152466979859
638 2 0.0125291132560783 0.561782018043475 0.425688868700447
639 2 0.0352866836613993 0.899037709451434 0.0656756068871664
640 2 0.0224683788905737 0.902976118464991 0.0745555026444354
641 2 0.022449998741975 0.902775886789065 0.0747741144689602
642 2 0.0705074433987632 0.928094800627673 0.00139775597356329
643 1 0.989788388320883 0.0102116116787525 3.64404722583647e-13
644 1 0.929171171826183 0.0708287673286362 6.08451809329054e-08
645 1 0.440613812119187 0.558121340711074 0.00126484716973922
646 1 0.167488957986366 0.819578311456365 0.0129327305572683
647 1 0.183455400572008 0.81638920226211 0.000155397165882412
